20
80 29  3 42 49 68 62 21 32 55 41 26 50 91 57  23  8  35 59 80
91 36 94 77  9 75  6 61 21 30 65 55 38 54 49  59 50  18 65 57
 2 70 28 90 15 92 99 27 73 95 39 27  5 80 80  44 70 100 65  6
68 75 33 12 41 17 44 91 96 66 39 46 84 39 61  42 33  99 30 88
 8 34 74 84 26 55 39 34 39 25 37  4 71 93 46   5 81  43 46 72
70 87 71 69 56 84  4 89 65 19 54 92 61 45 16  43 27  29 58 33
42 67 68 81 76 66  3 97 40 88 45 35 91 61 77  20 51  19 25 99
46 83 39 85 16 40 14 73 85 20 70  1 95 20 88  81 69  70  9 12
74 29 23 15 97 11 33 52 11 28 48  5 37 76 70  65 49  49  2  5
82 14  1 32 73  4 94 79 88 50 10 83 76 43  3  38 22  20 24 56
35 84 93 11 21 60 82 77 42 74 16 49 75 39 19  89 82   7 16 62
14  2 91 30  5 22 63 79 19 65 24  9 61 64 21  27 46 100 48 34
26 74 29 35 78 89 50 48 60 97 83 71 95 28 59  74 50  86 22 57
 7 12 35 56 61  4 23  8 98  9 22 21 99 98 75   9 32  58 61 17
63 37 86 43 45 31 94 55 27 77 33  3 29 13 88  34  0  42 85 56
84 59 14 41 21 30 62 27 51 54 13 63 59 41 62   7 29  96 42 18
57 33  7 23 97 66  6 89 55 38 43 23  2  6 20  24 94  20 61 43
38 51 29  9 47 41  2  5 40 68 37 45 14 11 77  72 16  65 95 87
 1 80 69 26 59 61 97 81 78 13 38 16 27 13  5 100  2  69 47 11
60 28 43 79 80 36 86  2  5 38 32 85 68 55 15   9 38  77 61  8